2013120801194102217000110000000000000
2013120801194100085000110000000000000
2013120703194100339000110000000500.00
2013121807194400132000110000000000000
2013121001193900042000110000000000000
2013120201194000234000110000000777.16
2013120511192700023000110000000000000
2013120511194600227000110000000000000
2013120801197011955000110000001017.92
2013120801195600982000110000000000000
2013120703194700700000110000000971.45
2013121613194100039000110000000763.44
2013120604194200013000110000000971.45
2013120307194500043000110000000000000
2013120801193901521000110000000000000
2013120801194101450000110000000647.63
2013120306193700077000110000001017.66
2013120501196600601000110000001229.21
2013121002193900012000110000000000000
2013121001198300296000110000001017.92
2013120801194400304000110000000971.45
2013120301193400193000110000000763.44
2013121501194700343000110000000000000
2013121001196100156000110000001017.92
2013120801194402296000110000000000000
2013120703194100600000110000001017.92
2013120703193700161000110000000000000
2013121006194600089000110000000000000
2013121001194900018000110000000000000
2013120801196910478000110000000000000
2013120820194100086000110000001017.92
2013120421194400185000110000001017.92
2013120501194801709000110000000000000
2013120801194603038000110000000000000
2013120801193701064000110000001294.94
2013121611193900027000110000000000000
2013121804198404465000110000000000000
2013120801194801984000110000000971.45
2013120201193800001000110000000000000
2013121622193500074000110000000000000
2013120610194400150000110000000000000
2013120809194500049000110000000000000
2013121201198400350000110000000000000
2013120801194202095000110000000000000
2013120801194702948000110000000000000
2013120801194803015000110000000000000
2013120107194000574000110000000777.16
2013120708194400008000110000000000000
2013120801194400419000110000000939.31
2013120501193701454000110000000000000
2013120301194700236000110000001017.92
2013121807194300640000110000000000000
2013120801197012173000110000001017.92
2013120801194500813000110000000971.45
2013120614194500075000110000000000000
2013120703193700217000110000000000000
2013120401193600274000110000001111.61
2013120801194601266000110000000000000
2013121401197901291000110000000000000
2013121401197900936000110000000000000
2013120703194200174000110000000000000
2013120601193333135000110000000000000
2013120502198100495000110000000763.44
2013120601193800213000110000000000000
2013120305194700011000110000000000000
2013128001193301694000110000000000000
2013121801194100178000110000000000000
2013120801198404689000110000000000000
2013120801194400414000110000001017.92
2013120615194500149000110000000150.00
2013120101193500090000110000000000000
2013120301194200386000110000000000000
2013120704193900027000110000000000000
2013120704193800110000110000000000000
2013120809196000028000110000000000000
2013120801194703432000110000000000000
2013120811193300075000110000000500.00
2013121606193400297000110000001294.94
2013120603193700101000110000000000000
2013121211193600020000110000000000000
2013120711195000045000110000000000000
2013120307194500028000110000000000000
2013121307194500071000110000000000000
2013120501194800079000110000000971.45
2013120801194501760000110000000000000
2013120605196700080000110000000000000
2013120304194800038000110000000000000
2013121809194300032000110000000000000
2013120801194201890000110000000647.63
2013120801194502475000110000000000000
2013120801195000431000110000000000000
2013120801194600687000110000000000000
2013120801194700114000110000000971.45
2013120701194600128000110000000000000
2013121201194600042000110000000000000
2013120812194700073000110000000000000
2013120801194802095000110000000000000
2013120801194800570000110000000000000
2013120801198405918000110000000000000
2013120301194300398000110000001294.94
2013120615194900079000110000001389.52
2013122603198400067000110000001852.69
2013120319195000048000110000000000000
2013120301195000345000110000000000000
2013120615194700125000110000000000000
2013120615194200206000110000000000000
2013121801194700015000110000000000000
2013121201194900003000110000001471.45
2013121807194900428000110000000000000
2013121803197000260000110000000763.44
2013121501194400203000110000000000000
2013121807195000197000110000000000000
2013120703194800615000110000000000000
2013120801194603424000110000000000000
2013120501194601703000110000000000000
2013120101193900506000110000000000000
2013120703193900715000110000000000000
2013121807194500471000110000001165.74
2013121626194800152000110000000000000
2013120501194401690000110000000000000
2013120801194302431000110000001017.92
2013123501198500169000110000000647.63
2013121706194700108000110000000000000
2013120101194900162000110000000000000
2013120820194100055000110000000647.63
2013121201193400112000110000000000000
2013121516194500094000110000000000000
2013120801194801065000110000000000000
2013120601193800302000110000000000000
2013121803194800912000110000000000000
2013121207193200060000110000001295.26
2013120318194100047000110000000000000
2013121626194800020000110000000000000
2013121619193800004000110000001060.63
2013120801194804022000110000001017.92
2013120704194200129000110000001295.26
2013120601194500531000110000000000000
2013120401194300332000110000000000000
2013121001194000021000110000000000000
2013120801194401456000110000000971.45
201312080119490761 000110000000000000
2013120501193601492000110000000000000
2013121201194600016000110000001389.52
2013120703193600417000110000000000000
2013121804198402817000110000000000000
2013120107194400446000110000000000000
2013121807194000527000110000000000000
2013120801194501764000110000000000000
2013120805194700094000110000000000000
2013120801194302103000110000001295.26
2013120613194400071000110000000000000
2013121804194200568000110000001298.48
2013121516194300010000110000000000000
2013121801193000015000110000000000000
2013121804194900546000110000000000000
2013121501194600132000110000000000000
2013120102193100099000110000000000000
2013120501194200796000110000000000000
2013120801194602513000110000000000000
2013120311198700083000110000000000000
2013120611195000181000110000000000000
2013120501193501166000110000000777.16
2013120306194100097000110000000000000
2013121007195000016000110000000508.96
2013123802198400043000110000000000000
2013121804196000925000110000000000000
2013120813194300004000110000000000000
2013121601193100058000110000000000000
2013121619192600050000110000000000000
2013121621191800006000110000000000000
2013120421194200229000110000000000000
2013121626194900126000110000000000000
2013120820194200188000110000000000000
2013120501194201031000110000001295.26
2013121502194900115000110000001295.26
2013120801194701775000110000000000000
2013121413194500095000110000000000000
2013120505196400371000110000000000000
2013121214198400151000110000000000000
2013120508193200025000110000000000000
2013120301194600366000110000000000000
2013120816194300263000110000000000000
2013120501193900084000110000000000000
2013120801197918053000110000000000000
2013120801195001072000110000000000000
2013120209193500183000110000000000000
2013121703194700168000110000001295.26
2013121703193900151000110000000000000
2013121201198401107000110000001595.26
2013120703196900948000110000000000000
2013120306193900037000110000000000000
2013120405194900160000110000000000000
2013120703194100480000110000000000000
2013121807194300141000110000000000000
2013120801194000725000110000000000000
2013121201195100122000110000000000000
2013120801195200652000110000001017.66
2013121707198400164000110000000000000
2013121214194200060000110000001017.92
2013120706195100007000110000000000000
2013120801194904046000110000000000000
2013120615194800202000110000001295.26
2013121707194300091000110000000000000
2013120703194700380000110000000000000
2013121201194800053000110000001017.92
2013120801194902321000110000000000000
2013120611194400064000110000000000000
2013120801194800929000110000000000000
2013121804196400450000110000000000000
2013120801197413264000110000000000000
2013121804194700027000110000000000000
2013120801195101902000110000000000000
2013121706194700182000110000001295.26
2013120703194500234000110000001295.26
2013120408193400022000110000000000000
2013121807196301161000110000000000000
2013121303194000067000110000000000000
2013120615194300099000110000000000000
2013120401194700027000110000000000000
2013121704198101476000110000000000000
2013121301194000178000110000000971.45
2013120801194603618000110000000000000
2013120501195000255000110000000000000
2013120811196600045000110000000000000
2013121504194700023000110000000000000
2013120801194901290000110000000000000
2013123503198500091000110000001017.92
2013120318193600142000110000000000000
2013121801198402601000110000000763.44
2013120611194600128000110000000000000
2013120611194600128000110000000000000
2013120801194903984000110000000200.00
2013120307194900017000110000000000000
2013120107198401748000110000000000000
2013120705195000034000110000000971.45
2013121804197000682000110000000000000
2013121804196100036000110000000000000
2013120801194703016000110000000000000
2013123613198400058000110000000000000
2013120501193700864000110000000000000
2013121807194300131000110000000000000
2013120801194701365000110000001295.26
2013120703194600229000110000000000000
2013120318194100356000110000000971.45
2013120814194400023000110000000647.63
2013120506193900042000110000001626.96
2013121707194300171000110000000000000
2013120703194300562000110000000000000
2013120605194200056000110000000000000
2013120601198401811000110000000000000
2013120603198400885000110000000000000
2013120601198402050000110000000000000
2013120606194900004000110000000000000
2013120107195000059000110000000777.16
2013120703195000698000110000000000000
2013120703193100368000110000000000000
2013121516194200110000110000000000000
20131207034300122  000110000000000000
2013120801194700045000110000001017.92
2013120401194800480000110000000000000
2013121501197903460000110000000000000
2013120611198400437000110000000000000
20131221           000110000000000000
2013120408194800083000110000000000000
2013120501194100263000110000000000000
2013120301193200118000110000000000000
2013120806194900001000110000000000000
2013120801193200459000110000000000000
2013120501196206939000110000000000000
2013121804196300646000110000001111.61
2013120601198400256000110000000000000
2013129            000110000000000000
2013120824194000008000110000000000000
2013121607195100019000110000000000000
2013120101194800193000110000001295.26
2013120501194401047000110000001294.94
2013120613194400099000110000000000000
2013121601193700036000110000000000000
2013120311194800016000110000001795.26
2013121804194600369000110000000000000
2013120801195203573000110000000000000
2013121201198300250000110000000000000
2013121615194400046000110000000000000
2013120703198401061000110000000000000
2013121801195000325000110000000000000
2013121201194900030000110000000000000
2013120601195001168000110000000000000
2013120401195200297000110000000000000
2013121010194400091000110000000000000
2013121701194300285000110000001295.26
2013121620194400155000110000000000000
2013120506195100640000110000000000000
2013120810195000079000110000000000000
2013120101194300174000110000001294.94
2013120801194201596000110000000000000
2013120801194601686000110000000000000
2013120801194402802000110000000000000
2013121702194500106000110000000000000
2013121707198100250000110000001852.69
2013120806195000075000110000000000000
2013120301195100605000110000000000000
2013121501192800318000110000000000000
2013120611198403558000110000000000000
2013120703194700385000110000000000000
2013120318194900255000110000000000000
2013121201196900240000110000000000000
2013120890198600047000110000001017.66
2013121708194900146000110000000000000
2013120405195000139000110000000000000
2013121807195200388000110000000000000
2013120203194800091000110000000000000
2013120801195103831000110000000060.00
2013120816195000058000110000000971.45
2013120801196710094000110000001595.26
2013121508195100019000110000001295.26
2013120501194400998000110000000777.16
2013121804194800837000110000000000000
2013121204194700013000110000000000000
2013120801195204746000110000000000000
2013120304194900119000110000001017.92
2013120801195003057000110000000000000
2013121804194700517000110000000000000
2013120107195000805000110000000100.00
2013120801194801984000110000000000000
2013120501195103687000110000000000000
2013120801195201443000110000000000000
2013120511194500193000110000000000000
2013120301193800389000110000000971.45
2013121706194900005000110000000000000
2013120501193800092000110000000777.16
2013120615196900566000110000000000000
2013121001193500035000110000000000000
2013121001193800058000110000000000000
2013120107194400145000110000000000000
2013120101194700631000110000000971.45
2013121804194700402000110000001294.94
2013120616193700040000110000000000000
2013120801194600077000110000000000000
2013120307194000041000110000000908.30
2013121201198400309000110000001295.26
2013120801194803969000110000000000000
2013120801194703478000110000000000000
2013121804194900386000110000000000000
2013121801194800140000110000000000000
2013121201197100264000110000000000000
2013121804194500542000110000000000000
2013120703195300359000110000000000000
2013120703194700609000110000000971.45
2013120823194700046000110000000971.45
2013120510194900293000110000000000000
2013120801195203562000110000000000000
2013120801195200863000110000000971.45
2013120801195104410000110000000000000
2013120801195300098000110000001389.52
2013121416195200034000110000000000000
2013120801196406562000110000000000000
2013120318194400063000110000000000000
2013120708194000069000110000001017.92
2013120801194501316000110000000712.40
2013120703195300210000110000000000000
2013121804197001489000110000000000000
2013120808195200053000110000000971.45
2013120107195200765000110000000647.63
2013120801194901099000110000000777.16
2013120801194700611000110000001111.61
2013120301194900324000110000000000000
2013120801193802259000110000001017.92
2013120501195300378000110000000000000
2013120301195300682000110000000000000
2013120501195001558000110000000000000
2013121208195200078000110000000000000
2013120616194900035000110000000000000
2013120501195103253000110000001389.52
2013120611194300105000110000001017.92
2013120306195100072000110000000000000
2013121001198400230000110000000000000
2013120506194900063000110000000000000
2013120610194900047000110000000000000
2013120101195300758000110000001017.92
2013120608194700165000110000000000000
2013121204194700007000110000000000000
2013120501195100816000110000000000000
2013121807195400649000110000000000000
2013121509194700010000110000000000000
2013121007194700158000110000000000000
2013120306194400021000110000001017.92
2013120703194700399000110000000971.45
2013120501195102746000110000000000000
2013120801195403380000110000000000000
2013120816196900152000110000000000000
2013121703195000085000110000001017.92
2013120716194000041000110000000000000
2013121804194300208000110000001295.26
2013120703193900489000110000000000000
2013120501194601320000110000000000000
2013120306194100086000110000000000000
2013121201194700104000110000000000000
2013120801198140198000110000000000000
2013120890198700454000110000000000000
2013121804194500670000110000001295.26
2013121803195300079000110000000000000
2013120501195102096000110000000000000
2013120801194200011000110000001017.92
2013120501195101322000110000000000000
2013121810194500091000110000000000000
2013121503197801630000110000000777.16
2013120401195200279000110000000777.16
2013120824194100155000110000000000000
2013121301193500061000110000000000000
2013121707195200244000110000001000.00
2013120703198104404000110000000777.16
2013120801195003001000110000000000000
2013120710194700018000110000000000000
2013121709195200116000110000000000000
2013120615196900304000110000000000000
2013120506193100228000110000000000000
2013121701194200129000110000000971.45
2013120410193500008000110000000000000
2013120801194602680000110000000000000
2013120501194300843000110000000000000
2013120803194300312000110000001111.61
2013121503198401617000110000000000000
2013120713194800056000110000000000000
2013120801195401306000110000000000000
2013120704194700036000110000000971.45
2013120801194602263000110000000000000
2013121807195000417000110000000000000
2013120801196607793000110000000000000
2013121202194900107000110000000000000
2013121801194700364000110000000941.89
2013123503198500134000110000000971.45
2013120301195000170000110000000250.00
2013121626195300289000110000000000000
2013120301194900338000110000000000000
2013120801195204276000110000000971.45
2013121613195500464000110000000000000
2013120703195200604000110000000000000
2013120818195200013000110000000000000
2013121626196500012000110000000777.16
2013121501195300153000110000000000000
2013120703197101112000110000000000000
2013120801194500063000110000000000000
2013120801195304184000110000000000000
2013120801195200804000110000000000000
2013120803194900056000110000000000000
2013120303194500074000110000000000000
2013120306194900112000110000000000000
2013121503195200128000110000000000000
2013121706198100028000110000000000000
2013121701198401987000110000000000000
20131229           000110000000000000
2013121201195300055000110000000000000
2013120501195400099000110000000000000
2013120706195000006000110000000000000
2013120703195200103000110000001295.26
2013120304195000126000110000000000000
2013120301194800253000110000000000000
2013120501195201754000110000000971.45
2013120404195300370000110000000000000
2013120814195100065000110000000000000
2013120816194000330000110000001295.26
2013120801195304895000110000000000000
2013120611195400088000110000000000000
2013121807195100962000110000000500.00
2013120716195200002000110000000000000
2013120801195001917000110000000000000
2013120826194500005000110000000000000
2013121807195100379000110000000000000
2013120703195300566000110000000000000
2013121804195200354000110000000000000
2013120801195505004000110000000971.45
2013120801195301633000110000000000000
2013120801193500052000110000000000000
2013121311194600014000110000000000000
2013120801194400085000110000000000000
2013120506195300392000110000000000000
2013120312195300081000110000001295.26
2013120801197413261000110000000763.44
2013120703195000095000110000000768.09
2013120801194702694000110000003299.19
2013121701198601387000110000000000000
2013121704198101157000110000000300.00
2013121807194800265000110000000647.63
2013121001194000009000110000000000000
2013124            000110000000000000
2013120611198300570000110000000000000
2013120801195405353000110000000000000
2013121707195200404000110000000000000
2013120803195100424000110000000000000
2013120801195000840000110000000787.36
2013120801192600696000110000001295.26
2013120405193900137000110000000200.00
2013121503195200225000110000000971.45
2013120801196306944000110000001495.26
2013121703194900157000110000001294.94
201312080119450294 000110000000000000
2013120801195405281000110000000000000
2013120801194701704000110000001389.52
2013120801193200367000110000000000000
2013120608193300018000110000000000000
2013120711194300047000110000000000000
2013120801195601761000110000000000000
2013120501195301234000110000000000000
2013120501195201801000110000000000000
2013120816193700285000110000001017.92
2013120801195001180000110000000000000
2013120710195700026000110000000971.45
2013121807194300097000110000001517.92
2013120501195705073000110000000000000
2013121613195200285000110000000000000
2013120816195100082000110000000882.19
2013121807195301164000110000001295.26
2013120801195104637000110000000000000
2013121615195400024000110000000000000
2013120821195000078000110000000000000
2013121208195400111000110000000000000
2013120301195000180000110000002052.69
2013120301194500152000110000000000000
2013121614194600156000110000001017.92
2013121407195500092000110000000000000
2013120806195300087000110000000000000
2013121804194900922000110000000000000
2013120818195500045000110000000000000
2013120311195100058000110000001389.52
2013120801195202640000110000000000000
2013120803194400063000110000000000000
2013121622195200097000110000000000000
2013121501195500352000110000000000000
2013120821194600059000110000000000000
2013120107198401576000110000000000000
2013121201194800100000110000000000000
2013121702195400078000110000000000000
2013121701195200033000110000000000000
2013121626194700004000110000001312.73
2013120803195400616000110000000000000
2013121208195200188000110000001017.66
2013121007195100175000110000000000000
2013121401197901785000110000000000000
2013120803194600071000110000000000000
2013121707195500228000110000000000000
2013121619194800151000110000000000000
2013121804195300092000110000000000000
2013120705195400183000110000000000000
2013121208195100168000110000000000000
2013120803194600205000110000000000000
2013121804195501519000110000000000000
2013121618194900078000110000000000000
2013121201195400011000110000000000000
2013120703194900646000110000000000000
2013121626194900205000110000000000000
2013120801195300730000110000000000000
2013120704195100238000110000000971.45
2013120801194903294000110000001017.66
2013120801193400500000110000001036.21
2013120311195100076000110000000000000
2013120801195603610000110000000000000
2013120501195603452000110000001295.26
2013120801195302773000110000000000000
2013121202194100049000110000000000000
2013120801195200346000110000000777.16
2013121501195400040000110000000647.63
2013121201198400883000110000001177.16
2013120816193500047000110000000777.16
2013120603198201562000110000000100.00
2013120608195100108000110000000000000
2013120801194200577000110000000000000
2013120611195200325000110000000000000
2013120801194400276000110000000000000
2013121522195300021000110000000000000
2013120501195402416000110000000000000
2013121501194800075000110000000763.44
2013121618195500187000110000000971.45
2013120306195600002000110000000000000
2013120611195300209000110000000000000
2013121807194700399000110000001389.52
2013120801195101569000110000000000000
2013120107197202416000110000000000000
2013120613195200109000110000000000000
2013120801194502609000110000000000000
2013121701194400216000110000000000000
2013121515194700142000110000000000000
2013120318193400177000110000000000000
2013120801195302245000110000000000000
2013122606198500047000110000001017.66
2013121518195500030000110000000000000
2013120615195300347000110000000000000
2013120801195505073000110000000000000
2013120703195200002000110000000000000
2013120801195304063000110000000000000
2013121306195300011000110000000000000
2013120313195400035000110000000000000
2013121701198003306000110000000000000
2013120101195200427000110000000000000
2013120704195400012000110000001295.26
2013121401197400577000110000001111.61
2013121807196601075000110000000000000
2013120801195505667000110000000000000
2013120304195200142000110000000000000
2013121701198200364000110000001017.92
2013120311194100036000110000000971.45
2013120821195600014000110000000971.45
2013120301195300434000110000000000000
2013120801195502400000110000000971.45
2013120106194200014000110000001111.61
2013120301195400150000110000000000000
2013121807195400153000110000000000000
2013120801194701392000110000000000000
2013120501195500194000110000001295.26
2013121602195100204000110000000000000
2013121503195300313000110000001217.92
2013121707198300855000110000000000000
2013120801195404980000110000000971.45
2013121702198100212000110000000000000
2013120801195101897000110000000971.45
2013120801195503498000110000001017.92
2013120801195603519000110000000000000
2013120801195300639000110000000000000
2013120801194702549000110000000777.16
2013120603195600335000110000000000000
2013121304194800022000110000000000000
2013120305195100002000110000000000000
2013120101194100256000110000000000000
2013121622195100053000110000001852.69
2013120803195000068000110000002187.88
2013120309194700016000110000000000000
20131241           000110000000000000
2013120315193600002000110000000000000
2013120801196606579000110000000971.45
2013120801194202185000110000001294.94
2013120801193900677000110000000000000
2013121201195300145000110000001017.92
2013120501194900736000110000001017.92
2013120601194600304000110000001017.92
2013122703198500059000110000000000000
2013120610195000063000110000000000000
2013121001193600080000110000001017.66
2013123701198400502000110000000971.45
2013120801194904026000110000000000000
2013120803195400022000110000001295.26
2013120703195300504000110000000971.45
2013120703195300341000110000000000000
2013120812195200004000110000000000000
2013121703194000143000110000001295.26
2013120601193900401000110000000000000
2013121804198105005000110000000000000
2013121001194300018000110000000000000
2013121807194300410000110000001111.61
2013120501195304045000110000000000000
2013120801195102475000110000001017.92
2013120703195500648000110000000000000
2013120614194300081000110000000000000
2013121623195400276000110000000000000
2013120801194901243000110000000000000
2013120311194900094000110000000000000
2013120101194700500000110000000000000
2013120301196600592000110000000000000
2013121201194200159000110000000647.63
2013120501195300864000110000001111.61
2013120301195300509000110000000000000
2013120703197101081000110000002717.15
2013121702195100007000110000000000000
2013121201195300150000110000001017.92
2013121707198100282000110000000000000
2013120801195201815000110000000000000
2013120810195100117000110000001389.52
2013120101194700715000110000001295.26
2013120501194401645000110000000777.16
2013121804194400190000110000000000000
2013120703195400169000110000000000000
2013120107193800128000110000000777.16
2013120801193601254000110000000000000
2013120803194800308000110000000000000
2013120501194000629000110000000000000
2013121807196100890000110000001295.26
2013120501194903150000110000000000000
2013120801194603158000110000000000000
2013121703194500020000110000000000000
2013120704195400497000110000000000000
2013121701198301497000110000000000000
2013121307195100182000110000000000000
2013120501195301145000110000000000000
2013121519194100143000110000001111.61
2013120302195400075000110000000000000
2013120801195102171000110000001295.26
2013121704198400182000110000000000000
2013120318195400712000110000001395.26
2013120209194400052000110000000100.00
2013121502194300016000110000000000000
2013120107195400704000110000000000000
2013121703193200002000110000000000000
2013120501195302029000110000001295.26
2013121201198400262000110000000000000
2013120423195500069000110000000000000
2013121201195200142000110000001017.92
2013121613195200550000110000000000000
2013120405195500075000110000000000000
2013121803092300021000110000000777.16
2013120803195500376000110000001295.26
2013121707198102491000110000000000000
2013120408195000090000110000000000000
2013121706195400261000110000000000000
2013120507195300063000110000000300.00
2013120313195700094000110000000000000
2013120716195400053000110000001295.26
2013121007195600252000110000000000000
2013121301194900013000110000000926.35
2013120801194400551000110000001017.66
2013121703198400249000110000001017.92
2013121703194700108000110000000763.44
2013120501195502939000110000000000000
2013120204195300024000110000000000000
2013120801198406590000110000000000000
2013121204195600027000110000000000000
2013121626194100085000110000000000000
2013120701195100104000110000000000000
2013120511195300367000110000000000000
2013121807195500588000110000000000000
2013121703195400151000110000001295.26
2013120801195002120000110000000000000
2013120710194900051000110000000000000
2013120405195100094000110000000000000
2013121801195000327000110000000000000
2013120818195100036000110000000000000
2013121701196000389000110000000971.45
2013121413195500242000110000000000000
2013120501194601876000110000000000000
2013121208195400154000110000000000000
2013121703193200026000110000000841.92
2013120703195200616000110000000000000
2013120703193200191000110000000000000
2013120301195700564000110000000000000
2013121709195300101000110000001017.92
2013120703194800157000110000000000000
2013120801195301672000110000000971.45
2013120418195400049000110000000000000
2013120803195500034000110000000000000
2013120401195600058000110000000000000
2013121515195400078000110000000000000
2013121501195300031000110000000000000
2013120419194200043000110000000000000
2013121804195600356000110000000000000
2013120103198400485000110000000000000
2013121804198404410000110000000000000
2013120601198405325000110000000971.45
2013120801195603924000110000000971.45
2013121804194800586000110000001295.26
2013120824195600042000110000000000000
2013121807195100936000110000000000000
2013120501194700321000110000000777.16
2013121801198401510000110000000000000
2013120304195200114000110000001294.94
2013121803198400190000110000000000000
2013120501195100207000110000000777.16
2013120501195704159000110000000000000
2013120506194600097000110000000000000
2013120501194101772000110000000000000
2013120801194800692000110000000000000
2013120501195900016000110000000000000
2013120801195505956000110000000000000
2013121501195700672000110000000000000
2013121501195500222000110000000000000
2013120506194600383000110000000000000
2013121201198400784000110000001017.92
2013121804195701322000110000001295.26
2013121201195300158000110000001295.26
2013120101193600141000110000000000000
2013120301193800106000110000000000000
2013121305192900053000110000000000000
2013121211194800106000110000000000000
2013121801193200066000110000000000000
2013121201198400267000110000000763.44
2013120318194900473000110000000000000
2013121201193800106000110000000000000
2013121508195600025000110000000000000
2013121810194000024000110000000000000
2013120405195100071000110000000777.16
2013120615195100202000110000001889.52
2013120703195200011000110000000000000
2013121807195200881000110000000777.16
2013121401197500220000110000000000000
2013121401198101596000110000000000000
2013121401197100451000110000000000000
2013120501195603330000110000000000000
2013121701195300058000110000000000000
2013120801198512893000110000000000000
2013120605195100071000110000000000000
2013120803195600014000110000000000000
2013121515195200102000110000000971.45
2013121702194500189000110000000000000
2013120208194900061000110000000000000
2013121518194800023000110000000000000
2013121301195500070000110000000000000
2013120501194400908000110000001017.92
2013120801194603574000110000000000000
2013120107194600012000110000000000000
2013120505195200082000110000000000000
2013120107196000984000110000000777.16
2013121204195500026000110000000000000
2013120101195700872000110000000000000
2013120107195400141000110000000000000
2013120107194900949000110000000000000
2013120107194700631000110000000000000
2013121806194400010000110000001852.69
2013121801194300123000110000001295.26
2013120607193200058000110000001295.26
2013121401198402372000110000000000000
2013120801194602301000110000001111.61
2013120801195503870000110000000000000
2013121807195000817000110000000000000
2013120801194803582000110000000000000
2013121802195800083000110000000971.45
2013121807195300438000110000000000000
2013121807195400573000110000000000000
2013121807194100507000110000000777.16
2013121606194500013000110000000000000
2013120107194100137000110000000000000
2013121401197901478000110000000000000
2013120801195304403000110000000000000
2013120501195301770000110000000000000
2013120801194703591000110000001017.92
2013120605195100165000110000000000000
2013120902196600134000110000000763.44
2013120701194300050000110000000000000
2013120615195200060000110000001295.26
2013120301195100645000110000000000000
2013120801195603445000110000000000000
2013121208195100056000110000001295.26
2013120615197500815000110000000000000
2013120101193300457000110000000777.16
2013120101195301226000110000000000000
2013121503195400254000110000001295.26
2013121807194600658000110000000000000
2013121804195601016000110000000000000
2013120701194600146000110000000523.29
2013120501195804953000110000001017.92
2013121211195400110000110000001295.26
2013120106198400229000110000000000000
2013121807197101094000110000000000000
2013120801195703309000110000000100.00
2013121619195100063000110000000000000
2013120506195200641000110000000000000
2013121703194800042000110000001017.92
2013120801195504804000110000000000000
2013121613195400316000110000000000000
2013120501193300945000110000000000000
2013121102195400042000110000000000000
2013121804194700584000110000000000000
2013121807195101055000110000000000000
2013121501195800234000110000001295.26
2013120801195501814000110000000000000
2013121403194900037000110000000971.45
2013120801195806277000110000000000000
2013120801195802087000110000000000000
2013120501193901279000110000001017.92
2013120311195300114000110000001295.26
2013121622195900034000110000000000000
2013121804195600833000110000000000000
2013120417196000047000110000000000000
2013120801195701673000110000000000000
2013120608195200052000110000001295.26
2013120501195601695000110000000000000
2013120107195501632000110000001295.26
2013120801195603936000110000000000000
2013123201198400012000110000000000000
2013120604194100006000110000000000000
2013120703198402951000110000000000000
2013120501195101523000110000001117.92
2013120801195202802000110000001295.26
2013121301194700165000110000000000000
2013120501194100452000110000000000000
2013121807195100503000110000001652.27
2013121501193700223000110000000200.00
2013121301194600042000110000001295.26
2013120501195101113000110000000777.16
2013120301195400489000110000000000000
2013121201195500164000110000000000000
2013121501195200615000110000000971.45
2013120401195300555000110000000000000
2013120107195800523000110000000000000
2013120201195300016000110000001017.92
2013121804194200139000110000000000000
2013120824195400153000110000000000000
2013120801195602939000110000000000000
2013120801195303520000110000000000000
2013121001195700066000110000000000000
2013121807195701237000110000001090.61
2013120405195800080000110000000000000
2013121804194600483000110000000777.16
2013121503195100101000110000000000000
2013120615194100158000110000000000000
2013120304195600135000110000000000000
2013121601194100256000110000000000000
2013120304195200200000110000001017.92
2013120611195200026000110000000000000
2013120501196500158000110000000000000
2013120401195500110000110000000000000
2013120801195104386000110000001395.26
2013120609198101328000110000000000000
2013120703195300468000110000000971.45
2013120501194602061000110000000000000
2013121321193800001000110000000000000
2013121301192700124000110000000000000
2013121301195400335000110000000000000
2013120811194900125000110000000000000
2013120501195301997000110000000000000
2013120801195203815000110000000971.45
2013121001197300113000110000001121.38
2013120501194600029000110000000000000
2013120401194600140000110000000000000
2013120801195606071000110000000000000
2013120405194300092000110000000000000
2013120501194200755000110000001017.92
2013120501194701259000110000000000000
2013120803193900452000110000000000000
2013121004195700081000110000000000000
2013120107195500702000110000000000000
2013120301195700947000110000000000000
2013120506194500078000110000000000000
2013120703194600511000110000000000000
2013120501194101681000110000000971.45
2013120502193600176000110000000000000
2013120408195400086000110000000000000
2013120501195901967000110000000000000
2013121501193200214000110000000971.45
2013120506194500187000110000000000000
2013120506195400432000110000000000000
2013120803194400050000110000000971.45
2013120315194700035000110000000000000
2013121804195400644000110000000971.45
2013120801195701183000110000000000000
2013121707198100724000110000000000000
2013120812194000037000110000000000000
2013121626195600257000110000000000000
2013121502195000109000110000000000000
2013121508195100049000110000000000000
2013121401197700274000110000000000000
2013120801195703961000110000000000000
2013121305195000040000110000000000000
2013120801195601812000110000000000000
2013120803194600142000110000000000000
2013121803194700164000110000000000000
2013120307195700062000110000000926.35
2013120615197000588000110000000000000
2013121607195500166000110000001395.26
2013120501195303679000110000000000000
2013120703198404124000110000000000000
2013120801194902512000110000000000000
2013120801195304490000110000000000000
2013120703194800065000110000000647.63
2013121807194800524000110000000000000
2013120305194500027000110000000000000
2013120501194501555000110000001017.92
2013120505195300201000110000000000000
2013120704194600168000110000000000000
2013121807195500989000110000000000000
2013120615195300100000110000000000000
2013120803195100203000110000001295.26
2013121503197901629000110000000971.45
2013121204194300002000110000000000000
2013121010197900084000110000001295.26
2013120702197000001000110000000000000
2013120801195402258000110000001295.26
2013121702198100553000110000000000000
2013121703198400674000110000000020.00
2013121805195000034000110000000000000
2013120301195500469000110000000000000
2013121515193800160000110000000763.44
2013121201195000014000110000000971.45
2013121204194800034000110000000000000
2013121204195500012000110000001395.26
2013120101194700450000110000000000000
2013121517195300124000110000000000000
2013120801194603146000110000000000000
2013121702196100120000110000000000000
2013120508195600043000110000000000000
2013120607197000550000110000000000000
2013120615195500193000110000000000000
2013121802198400484000110000001295.26
201312010119470057 000110000000000000
2013120801194603117000110000000000000
2013120501194601021000110000000000000
2013120501195100015000110000000000000
2013120812195600088000110000000000000
2013120801195701715000110000000000000
2013120801195301577000110000000000000
2013120506195000703000110000000000000
2013121709195900016000110000000000000
2013121706198100729000110000000000000
2013120601197502683000110000001017.92
2013121807193700307000110000000000000
2013120801195401886000110000000000000
2013120801195700532000110000002059.93
2013121201194500146000110000000000000
2013121807195300298000110000000000000
2013121709198100035000110000000000000
2013121613195100405000110000000000000
2013120309195200037000110000001017.92
2013121509194400026000110000000000000
2013121807195000422000110000001017.92
2013120203198400279000110000000000000
2013120801195503074000110000000000000
2013121503198502115000110000000000000
2013121004193200004000110000000000000
2013121503195200151000110000000000000
2013121520195600071000110000000000000
2013121804194000016000110000000000000
2013121204195600038000110000000777.16
2013120416194800014000110000000000000
2013121706195900434000110000000971.45
2013121807195700108000110000000000000
2013121803195100006000110000000971.45
2013120803195800042000110000000000000
2013121012195900023000110000001952.69
2013120801196001156000110000000000000
2013120801195902546000110000001295.26
2013120501194803033000110000000000000
2013121626194900224000110000000000000
2013120803195700179000110000001295.26
2013120301195800670000110000001345.26
2013120708195500146000110000001295.26
2013120503198400131000110000000000000
2013120309195500047000110000000000000
2013120703197703356000110000001389.52
2013121807194100520000110000000763.44
2013120501194600789000110000000000000
2013121804195801361000110000000000000
2013121806195000045000110000000000000
2013121626194900241000110000001295.26
2013121804195700686000110000000000000
2013120803195200271000110000001017.92
2013121401197901258000110000000777.16
2013120801195907462000110000000000000
20131213           000110000000000000
2013121618195000094000110000000000000
2013121406194300031000110000001017.92
2013121706195600292000110000000000000
2013120801194302923000110000001017.92
2013120801196806554000110000000000000
2013120801195901895000110000000000000
2013122603198400043000110000001852.69
2013120813196400136000110000001017.92
2013121501196000199000110000000971.45
2013120818193900059000110000000000000
2013120503197800196000110000000000000
2013120704194600019000110000000000000
2013121403195200008000110000001295.26
2013121401194500328000110000000000000
2013121709198400331000110000000000000
2013123804198500011000110000000000000
2013121303194300151000110000000000000
2013121618195200048000110000000000000
2013120410195500302000110000000000000
2013121701198003225000110000000000000
2013120703195500750000110000001295.26
2013120801195502071000110000001295.26
2013120708195700174000110000000000000
2013120309195600018000110000000200.00
2013121807195401161000110000000971.45
2013120703195200247000110000000000000
2013121003194900169000110000000777.16
2013121709195600094000110000000600.00
2013120506196100178000110000000000000
2013120101193800213000110000000000000
2013120703194400122000110000000000000
2013120614195200103000110000000000000
2013121208196800078000110000000971.00
2013121804194100026000110000000000000
2013120418195200125000110000001017.92
2013120703195000181000110000000971.45
2013121416194500077000110000000000000
2013120306194900033000110000000000000
2013120503198101297000110000000000000
2013121502195600056000110000000000000
2013121702198100140000110000000000000
2013121707198400445000110000000694.76
2013120801195604075000110000001111.61
2013121502194400062000110000000000000
2013121702195600062000110000000000000
2013121506194700034000110000000000000
2013120801195602762000110000000000000
2013121801195400310000110000000000000
2013121626196600407000110000000000000
2013121401197600203000110000000000000
2013120801195101149000110000001852.69
2013121703194000192000110000000777.16
2013121804196502098000110000000000000
2013120406193900043000110000000000000
2013120608194900063000110000000000000
2013121601195100331000110000000000000
2013120312194600080000110000001295.26
2013121509195300045000110000001295.26
2013120703198401290000110000000000000
2013120801196600927000110000000000000
2013120890197900640000110000000777.16
2013120105195000100000110000000000000
2013120890198100800000110000000000000
2013121503198401589000110000000971.45
2013120801195003396000110000000000000
2013121706198101230000110000001017.92
2013121606194100040000110000000000000
2013120501195603336000110000000000000
2013120701195100169000110000001017.92
2013120615193200124000110000000000000
2013120408194700096000110000000000000
2013121401197000057000110000000000000
2013121807194900086000110000000000000
2013120508195400022000110000000000000
2013120508195800133000110000000000000
2013120501195604326000110000000000000
2013120101195601401000110000001017.92
2013120611195900315000110000000000000
2013121619195100058000110000000000000
2013121703194600074000110000001160.56
2013120511194800045000110000001295.65
2013120801195204641000110000000000000
2013121707198100722000110000000000000
2013121707193800120000110000000971.45
2013121707197000856000110000000000000
2013121707198200076000110000000000000
2013120605194600105000110000000000000
2013122209198500033000110000000000000
2013120801195805964000110000000000000
2013121501194100364000110000001017.66
2013121208195500064000110000000000000
2013121807196100375000110000000000000
2013120501195500645000110000000000000
2013121501195700268000110000000000000
2013120613195700136000110000001295.26
2013120801195604075000110000000000000
2013121503195600140000110000001295.26
2013121705195200034000110000000000000
2013120703195900893000110000001017.92
2013121707195900496000110000000000000
2013122501198500002000110000000971.45
2013120803195500331000110000000000000
2013121503195500106000110000000000000
2013121626195400176000110000001017.92
2013120306195200202000110000000000000
2013120705195000049000110000000971.45
2013120801194702017000110000000777.16
2013120107194600591000110000001320.26
2013121803194800135000110000000000000
2013120803195100310000110000000000000
2013120301195700433000110000000000000
2013120311195500048000110000000000000
2013121701195300401000110000001395.26
2013120608195700160000110000000000000
2013120319195300017000110000000000000
2013120811195400110000110000001017.92
2013121517195300009000110000000000000
2013121707195401105000110000000000000
2013120709195100096000110000000000000
2013121811196000123000110000000971.45
2013120611195500030000110000000000000
2013121709195300186000110000000000000
2013121709195200049000110000000000000
2013121611195400033000110000000000000
2013120801195705515000110000000000000
2013120801193802038000110000000000000
2013120801195903909000110000000000000
2013120101195000253000110000001395.26
2013120612194900056000110000000971.45
2013120601195700458000110000001017.92
2013120610194100025000110000000000000
2013120890197900546000110000000000000
2013121807195300507000110000000000000
2013121626195700080000110000000050.00
2013123802198500004000110000001017.92
2013121010193900073000110000000000000
2013120301193800216000110000000000000
2013121810195800159000110000001111.61
2013120501194702063000110000000000000
2013120313195100005000110000000000000
2013120890198700312000110000001295.26
2013120208194500042000110000000000000
2013120401194900291000110000000000000
2013120812195100081000110000000000000
2013120703195500427000110000000100.00
2013120801195104766000110000000000000
2013121618194600029000110000000000000
2013121703194800114000110000000000000
2013121618198200753000110000000000000
2013121208195300021000110000000000000
2013121701196700521000110000001295.26
2013120401194700299000110000000000000
2013120801194701590000110000000000000
2013120603198100355000110000000000000
2013120713194600011000110000000000000
2013121217194400076000110000000000000
2013121703194400191000110000000810.84
2013120318194000394000110000000000000
2013120419194500090000110000000971.45
2013120710194900024000110000000971.45
2013120822194800101000110000000000000
2013121706198101270000110000000000000
2013121626194900006000110000000971.45
2013120812195500022000110000000000000
2013121801195900160000110000001295.26
2013121626194500176000110000000000000
2013120801195600937000110000000000000
2013121401197600636000110000002941.36
2013121501195500479000110000000971.45
2013120423195300066000110000000000000
2013120715195000207000110000000926.35
2013120203195500255000110000000000000
2013120501198402437000110000000000000
2013121503194800083000110000000000000
2013120803194800397000110000001295.26
2013120311195100090000110000000000000
2013120612195500013000110000000000000
2013121706195700266000110000000000000
2013121804196702314000110000000000000
2013121412195100107000110000000000000
2013120107195200445000110000001295.26
2013121612194700100000110000000000000
2013121807194400004000110000000000000
2013120801194601718000110000000000000
2013121508198100301000110000000971.45
2013120820195300066000110000000000000
2013120801196001954000110000001295.26
2013120511195800093000110000000000000
2013120107194400092000110000000000000
2013120801195104733000110000000971.45
2013120704195700210000110000000000000
2013121709195200201000110000000000000
2013121807194800421000110000000000000
2013120506196301142000110000000000000
2013120702195200110000110000000000000
2013120803195300121000110000001017.92
2013120801195905957000110000001295.26
2013120510195900014000110000000000000
2013120801195304787000110000000000000
2013121709194700012000110000000000000
2013120603196900560000110000001017.66
2013121414196000115000110000001111.61
2013120801197012046000110000000000000
2013120318195200332000110000000000000
2013120301195900041000110000000000000
2013120809198700308000110000000000000
2013121201196900100000110000000000000
2013120801194703735000110000000000000
2013121626195300313000110000000000000
2013120602194100056000110000001017.66
2013121605193200061000110000000000000
2013120301195000396000110000000000000
2013120501195300218000110000000000000
2013120511196500181000110000000971.45
2013120801195001929000110000001294.94
2013121508195500037000110000000000000
2013120713195800070000110000001295.26
2013120505195800300000110000000971.45
2013120208195200121000110000000000000
2013120803196200327000110000000000000
2013121100007640   000110000000000000
2013120101194800270000110000000777.16
2013120107195400261000110000000777.16
2013120405194100122000110000000000000
2013120902196600013000110000000951.37
2013121317195800009000110000000000000
2013121807195000752000110000000971.45
2013120826193700043000110000000000000
2013120801195804028000110000000000000
2013120810194100130000110000000777.16
2013120801195605736000110000000000000
2013121808196000285000110000000000000
2013121808196000257000110000000000000
2013121808196000089000110000001295.26
2013120501193700854000110000000000000
2013120319195100104000110000000000000
2013121708194400089000110000000777.16
2013121322195400102000110000000000000
2013120203195100098000110000000000000
2013121601195700137000110000001295.26
2013121509195900037000110000000000000
2013120506194800316000110000000000000
2013120801195303718000110000000000000
2013121416195000018000110000001295.26
2013121701195800063000110000000000000
2013121326198400078000110000000000000
2013121804196600954000110000000971.45
2013121704198103046000110000000000000
2013120801195405313000110000001111.61
2013121619196000078000110000000000000
2013121406195400081000110000000000000
2013121516194500015000110000000000000
2013120508195400005000110000000971.45
2013120107195000135000110000000000000
2013120501195301010000110000000000000
2013121706195900246000110000000000000
2013120801195800669000110000000000000
2013121707195400363000110000001295.26
2013120708195000108000110000000000000
2013120708195700012000110000000000000
2013120801195900289000110000000000000
2013120204194600040000110000000000000
2013121208195200122000110000000000000
2013120801196509785000110000000000000
2013121803198400776000110000000000000
2013120703195100416000110000000000000
2013120501194801621000110000000000000
2013120501194400844000110000000000000
2013120801197523561000110000000300.00
2013120703195000376000110000000777.16
2013121705198300047000110000000000000
2013121408195000060000110000000000000
2013120815195800105000110000000000000
2013121403195100093000110000000000000
2013121601195000216000110000000777.16
2013121214196800074000110000000000000
2013120801196600174000110000000000000
2013120501194301993000110000000000000
2013120509195400181000110000000000000
2013120303195900045000110000000000000
2013120801194602954000110000000000000
2013121401197600146000110000000000000
2013120703194900357000110000000000000
2013120422194900193000110000000000000
2013121008195400065000110000000000000
2013120801194600119000110000001295.26
2013120801194500922000110000001017.92
2013120605197500767000110000000000000
2013120611196800626000110000000000000
2013121707198400313000110000000000000
2013121501194600191000110000001184.14
2013121703196100216000110000000000000
2013121802198200202000110000000000000
2013120301195500789000110000001295.26
2013120501193201050000110000000000000
2013120801195404855000110000001295.26
2013120801195300830000110000001294.94
2013121804195201172000110000001017.92
2013120803195900105000110000000000000
2013121809196000134000110000001017.92
2013121626195400156000110000000000000
2013121703198400564000110000000000000
2013120311193800020000110000001017.92
2013120824195300250000110000000000000
2013120824195800015000110000000000000
2013120506195300277000110000000000000
2013121001194900068000110000000000000
2013121623194000002000110000000000000
2013120703195800187000110000000000000
2013121804194700286000110000000000000
2013120104195600155000110000001295.26
2013120704195000302000110000001221.45
2013120801196708386000110000000200.00
2013120401195100101000110000000000000
2013121707196100680000110000000100.00
2013121804193300398000110000000000000
2013121802195600111000110000000000000
2013120502196500353000110000000000000
2013121321194800060000110000000000000
2013121614195300049000110000000926.35
2013120410195700298000110000000000000
2013120801195102852000110000001852.69
2013120701194900004000110000000000000
2013121804196501721000110000000000000
2013120801195900403000110000000000000
2013121208194700033000110000000000000
2013120501196801344000110000000000000
2013121613194800247000110000000000000
2013120816194100275000110000000200.00
2013120412195700213000110000000000000
2013121007194600164000110000000000000
2013121313195100170000110000000000000
2013121509195600079000110000000000000
2013120208195300179000110000000971.78
2013121701195200559000110000000000000
2013120104194800154000110000000000000
2013120803195700089000110000000000000
2013121626193600164000110000001111.61
2013121306193700018000110000001295.26
2013120803194000129000110000000000000
2013121503196000651000110000001495.26
2013121503195800263000110000000971.45
2013120501195101710000110000000000000
2013120606195700336000110000000000000
2013121802198400072000110000001017.92
2013120306194900029000110000000000000
2013121504195200065000110000001017.92
2013120801195501896000110000000777.16
2013121804193900320000110000001295.26
2013121704198000930000110000000000000
2013120106198400158000110000000000000
2013120309196000009000110000001295.26
2013121313195500242000110000000000000
2013120803195700222000110000000000000
2013121803194700185000110000000000000
2013121623195100187000110000001017.92
2013120506195600779000110000000000000
2013121503196000318000110000001295.26
2013121601195400331000110000000000000
2013121402194800060000110000000000000
2013121015195000092000110000000000000
2013120801195001778000110000000000000
2013120819196000148000110000000000000
2013121201198400159000110000001295.26
2013120318194700127000110000000763.44
2013120319195100110000110000000000000
2013120501197911227000110000000000000
2013121701198002515000110000000000000
2013120501195402767000110000000000000
2013120703194900479000110000000000000
2013121501195700434000110000000000000
2013120301195700448000110000001037.92
2013121701195700624000110000000000000
2013121603195200122000110000000000000
2013121705197300158000110000000000000
2013121503195800360000110000001017.92
2013121401198100042000110000000971.45
2013121606194900216000110000000000000
2013121301194900248000110000001295.26
2013120511195200052000110000000000000
2013120801194201600000110000000000000
2013121807196001267000110000001295.26
2013121201195300006000110000000000000
2013120306193900061000110000001017.92
2013120501196002316000110000000000000
2013121201195500043000110000000000000
2013120801194400515000110000001017.66
2013121804198403548000110000000777.16
2013121007196100176000110000000777.16
2013120615194700023000110000000000000
2013120317195000031000110000000000000
2013120801195806377000110000000971.45
2013121807194300633000110000000000000
2013121401197500810000110000001017.92
2013121413198100369000110000000000000
2013121401196900004000110000000000000
2013121413193800063000110000000000000
2013121401198102335000110000000000000
2013121416195300057000110000000000000
2013120306194700136000110000000000000
2013121416195100008000110000000000000
2013121401197600290000110000000000000
2013121401197500983000110000000000000
2013121401197900685000110000000000000
2013121401197902882000110000000000000
2013121411194100083000110000000000000
2013121616195300154000110000000971.45
2013121702195300191000110000000000000
2013121807195800535000110000000000000
2013120317195800041000110000001640.91
2013121807195200910000110000000000000
2013120801196107456000110000000000000
2013120801194102581000110000000000000
2013120318194600076000110000000000000
2013120307198400148000110000001295.26
2013120801195703118000110000000000000
2013121601194800172000110000000000000
2013120606194900231000110000000647.63
2013121503194700008000110000000000000
2013120606195500316000110000000712.40
2013120704193600156000110000000000000
2013120801195202705000110000000000000
2013121807194600299000110000000000000
2013121501194800077000110000000000000
2013121403194300003000110000000000000
2013120801195502705000110000000971.45
2013121208195500005000110000000000000
2013121007196100268000110000000000000
2013120506194700312000110000000000000
2013121706195500452000110000000000000
2013121804195200268000110000000000000
2013121007194500071000110000000000000
2013121707195200002000110000000000000
2013121602195400106000110000000000000
2013121708195600134000110000000000000
2013121804195900127000110000000000000
2013120801196108211000110000000000000
2013121004194600106000110000000971.45
2013121807195600983000110000000000000
2013121709195400104000110000000000000
2013120801195604929000110000000000000
2013121706195200203000110000000000000
2013120306195500131000110000000000000
2013121807195700739000110000000000000
2013120107194300402000110000000000000
2013120303195200137000110000000777.16
2013121503195200098000110000000000000
2013121520194600035000110000000000000
2013120307194700082000110000000000000
2013121701198301068000110000000000000
2013121807195500486000110000000000000
2013120605197500659000110000000050.00
2013121002194700110000110000000000000
2013120107195400211000110000001017.92
2013120318195700288000110000001111.61
2013121706194700032000110000000000000
2013121618195600163000110000000971.45
2013121613196100674000110000000000000
2013120312195000074000110000000000000
2013121403194600072000110000000000000
2013120607196000036000110000000000000
2013121807194600321000110000000000000
2013120419195600144000110000000000000
2013121624195900098000110000000000000
2013121706196000332000110000001295.26
2013121618195600210000110000000000000
2013120801194903079000110000000000000
2013120201195800164000110000000000000
2013120803194800536000110000000000000
2013120704195400501000110000000971.45
2013120801195800279000110000000000000
2013120509198400098000110000000000000
2013121804194700089000110000001111.61
2013121703195100115000110000000000000
2013120501197208731000110000001017.92
2013123517198500015000110000000000000
2013120801195904940000110000000000000
2013120507195900098000110000000000000
2013121401197400020000110000000000000
2013120501195500694000110000001389.52
2013120709195300127000110000000000000
2013121208197500070000110000001389.52
2013120801195200636000110000000000000
2013120401193900300000110000000000000
2013120501195201204000110000000000000
2013121522195400015000110000000000000
2013121413194600012000110000000000000
2013120301195100551000110000000000000
2013120304194400132000110000000000000
2013120801194600596000110000000000000
2013120101194700461000110000001017.92
2013121501195500873000110000000000000
2013120107194400296000110000000777.16
2013120801197523216000110000000000000
2013121313195200096000110000000000000
2013121807195301099000110000000000000
2013121802195700148000110000001295.26
2013121207194100058000110000000000000
2013121416195900094000110000000000000
2013121623195400096000110000000000000
2013120401194600358000110000000000000
2013121512195300010000110000000000000
2013121515195600210000110000000000000
2013121613195900290000110000000000000
2013121403194200007000110000000000000
2013120201195100103000110000001389.52
2013120302194600008000110000000200.00
2013121315195900118000110000000000000
2013121503195600169000110000000000000
2013121001195900012000110000000971.45
2013121320194800074000110000000000000
2013120107194300014000110000000000000
2013120601193800288000110000000000000
2013120803195700613000110000001545.26
2013120509194100082000110000000000000
2013120317194500002000110000001071.45
2013120890198700583000110000000000000
2013121601195400091000110000000000000
2013120601198405487000110000000000000
2013121305194600074000110000000000000
2013120801194601385000110000000000000
2013120501194301986000110000000000000
2013121601195100169000110000000000000
2013120405194500035000110000001017.66
2013120506194700226000110000000000000
2013120306195000012000110000001017.92
2013121625195900011000110000000000000
2013120704195500277000110000000000000
2013121007194600169000110000000000000
2013121002195200076000110000000000000
2013120306195500044000110000000000000
2013120306195600116000110000000000000
2013120801195103125000110000001295.26
2013121613195300083000110000000000000
2013120703193900449000110000000000000
2013121016195800095000110000000000000
2013120501194300919000110000000000000
2013121208198100700000110000000000000
2013121623194900018000110000000777.16
2013120801195200150000110000000971.45
2013120317193800033000110000000000000
2013121201195300067000110000000000000
2013121007195100032000110000000971.45
2013120801195203167000110000000000000
2013121501194600478000110000000000000
2013121517195400143000110000000000000
2013121006195700426000110000000000000
2013120107195501008000110000001295.26
2013120201194600175000110000000000000
2013120406195400076000110000000000000
2013120203195500019000110000000777.16
2013121401197500266000110000000000000
2013120801194803490000110000001017.92
2013120302195700057000110000001017.92
2013121704197700290000110000000000000
2013120607194900068000110000000000000
2013120105194500061000110000000000000
2013121807198300094000110000001295.26
2013121002196000031000110000000000000
2013120417195100106000110000000000000
2013121201195600134000110000001389.52
2013121601195100115000110000000000000
2013120306194600025000110000000000000
2013120801195605124000110000000000000
2013120801195907439000110000001395.26
2013120104195100137000110000001017.92
2013120704195400221000110000000000000
2013121213194800063000110000000000000
2013121501193900149000110000000000000
2013120306195700234000110000001295.26
2013120714195300072000110000000000000
2013120301194800583000110000000000000
2013121704197000280000110000000000000
2013120501195400663000110000001017.92
2013121701195200377000110000000971.45
2013121002195700111000110000000000000
2013120107194700124000110000000971.45
2013120401194600526000110000000000000
2013121623195000065000110000001517.96
2013120319195200121000110000001517.96
2013121802195500107000110000000000000
2013120806196100143000110000001295.26
2013120601194500471000110000000000000
2013120501194600052000110000000000000
2013120102194900041000110000001017.92
2013121709198200228000110000000971.45
2013120417195200026000110000000000000
2013120102195700047000110000001295.26
2013120501195202417000110000000926.35
2013121413195200023000110000000000000
2013121707198401446000110000000000000
2013120307194800047000110000000000000
2013121804195101212000110000001295.26
2013120507195700168000110000000000000
2013120605194500116000110000000971.45
2013120814198500173000110000000000000
2013120704195300362000110000001017.92
2013120318193800085000110000000000000
2013121802195100102000110000000000000
2013121601195200140000110000000000000
2013120819195900114000110000001852.69
2013120613195800146000110000000000000
2013121401198200151000110000000000000
2013121001194500091000110000000000000
2013121201194100125000110000000000000
2013120304193600099000110000000000000
2013120803195300348000110000000000000
2013121201195900072000110000000000000
2013120301194100261000110000001017.92
2013120506194000253000110000000000000
2013120508195000069000110000000000000
2013121007194400148000110000000000000
2013120311195300065000110000000000000
2013120201196000259000110000000000000
2013121501195000250000110000000000000
2013121801194900123000110000000000000
2013122107198500409000110000000000000
2013120101195600056000110000000000000
2013120602196100095000110000000000000
2013129592194200071000110000000000000
2013121301194500084000110000000000000
2013121801195600122000110000000000000
2013120501195900485000110000000000000
2013120107195301165000110000001283.85
2013120801196307017000110000000000000
2013120603195400096000110000000000000
2013121003195600269000110000000000000
2013120801193900117000110000000000000
2013120601195000434000110000000000000
2013121707198102221000110000000000000
2013121801194500196000110000000000000
2013121705198000010000110000000000000
2013121001195700100000110000000000000
2013121803193900038000110000000000000
2013121009195300105000110000001295.26
2013120601195100688000110000000000000
2013120801195801047000110000000463.17
2013121802195100126000110000000000000
2013120501194601270000110000000000000
2013121201195200033000110000000647.63
2013121613195500441000110000000777.16
2013120301194200256000110000000000000
2013120306194500085000110000000000000
2013120318194800381000110000000000000
2013121809196300135000110000000000000
2013120616194700067000110000000000000
2013120601195600690000110000000000000
2013120501195601533000110000000777.16
2013120705195700131000110000001389.52
2013120801195403152000110000000100.00
2013120701195100163000110000000000000
2013120605195500096000110000000000000
2013120801194801737000110000000000000
2013120303194600005000110000000763.44
2013121804195801911000110000000000000
2013120401195900024000110000001295.26
2013121201195300156000110000000000000
2013120605196800291000110000000000000
2013121407194300062000110000000000000
2013120608195300073000110000000000000
2013121706195400420000110000000000000
2013120890198901770000110000000000000
2013121415194800041000110000000000000
2013120408194600129000110000000000000
2013120615194200199000110000000000000
2013121701195300360000110000000000000
2013121807194500501000110000000000000
2013121810195100169000110000000000000
2013121807196901421000110000000000000
2013121807196000994000110000000000000
2013120401195000478000110000000000000
2013121802195000001000110000000000000
2013121001196100155000110000000000000
2013120812195000051000110000000000000
2013120803195500343000110000000000000
2013121416194800047000110000000865.23
2013120101196001132000110000000000000
2013120501193700029000110000000000000
2013120501195201160000110000000000000
2013121623194800130000110000001271.45
2013121701194700341000110000000000000
2013120405195300015000110000000763.44
2013121201195000024000110000000000000
2013121516193300007000110000000932.92
2013120827195200095000110000000000000
2013121807194200134000110000000000000
2013120801194900929000110000000000000
2013121704197500233000110000000971.45
2013120603198101462000110000000000000
2013121707198100198000110000000777.16
2013120801196710403000110000000000000
2013121408195800014000110000000000000
2013120824195200041000110000001100.97
2013120801195402580000110000000000000
2013120301195600382000110000000971.45
2013120201194600061000110000001111.61
2013121804194000411000110000000000000
2013121802193500040000110000000000000
2013121807196000452000110000000000000
2013121201194900054000110000000000000
2013120107195000169000110000000000000
2013120816195000085000110000000000000
2013120405196100051000110000000000000
2013121007194900187000110000000926.35
2013120810194500028000110000000000000
2013120318194900327000110000001389.52
2013121807196001095000110000000000000
2013121802195000037000110000000555.81
2013121802195100078000110000000000000
2013121707195400955000110000001638.47
2013120412195900004000110000000000000
2013120820194900149000110000000000000
2013120801195402126000110000000000000
2013121701195500535000110000001295.26
2013120801194701812000110000000000000
2013120105194700002000110000000000000
2013120105195400029000110000000000000
2013120101195200113000110000000000000
2013121326198000057000110000000000000
2013121409195000091000110000000000000
2013121623195200176000110000000000000
2013121807194300170000110000000000000
2013120408196000117000110000000000000
2013121511196000031000110000001295.26
2013121519194100061000110000000000000
2013120501194201823000110000000000000
2013120703195600869000110000000000000
2013121008198100048000110000001017.92
2013120107196901776000110000000000000
2013120511195800308000110000000000000
2013121324196600032000110000000000000
2013121707195200064000110000000000000
2013120101194200436000110000000000000
2013121301194700155000110000000000000
2013120801194701243000110000000000000
2013120304196000241000110000000000000
2013120304195200196000110000000000000
2013121516195500131000110000000025.00
2013120301195000622000110000000000000
2013121709196700276000110000000000000
2013120315194600094000110000000000000
2013120704195900391000110000000971.45
2013121415194700151000110000000000000
2013120101194900374000110000000971.45
2013121007195500173000110000000000000
2013120318195400084000110000000000000
2013121611195100020000110000000000000
2013120505194600041000110000000000000
2013120801195501503000110000000200.00
2013121004196100038000110000000000000
2013120714195500012000110000000888.11
2013120801195702578000110000000000000
2013121623195400124000110000000000000
2013121701198403069000110000000000000
2013121318194600032000110000000000000
2013120501195604622000110000000000000
2013121802195600154000110000000000000
2013121601194400315000110000000000000
2013121601194800168000110000000000000
2013121201194800187000110000000000000
2013120317195200018000110000000000000
2013121414194300025000110000000000000
2013121401194300199000110000000000000
2013120206195400059000110000000000000
2013120819195900016000110000000000000
2013120605194400015000110000000000000
2013121623194900236000110000000000000
2013121307195800010000110000000000000
2013121501194500428000110000000000000
2013120801195503513000110000000000000
2013120502194900060000110000000000000
2013121401197500742000110000000000000
2013121401197600814000110000000000000
2013121807195801266000110000000060.00
2013121201197900849000110000000000000
2013120818194800002000110000000000000
2013121327193400034000110000000000000
2013120801194301376000110000000000000
2013120801195807447000110000000000000
2013120410195200141000110000000000000
2013121811195000029000110000000000000
2013120801195201309000110000000000000
2013120510195000325000110000000000000
2013120501195201698000110000000777.16
2013120804195200136000110000000000000
2013120501196101216000110000001111.61
2013120615194900286000110000000976.69
2013120203198400340000110000000000000
2013120601195300689000110000001111.61
2013120507195600160000110000000300.00
2013120501195704240000110000001017.92
2013121804198305150000110000000000000
2013120413195200099000110000001017.92
2013120814195000040000110000000000000
2013121503195500264000110000000000000
2013121416195500057000110000000000000
2013120401195000524000110000000000000
2013120801196810691000110000000000000
2013120319195800148000110000000000000
2013121807197301928000110000000000000
2013120615195200301000110000000971.45
2013121002195000046000110000000000000
2013120801195702053000110000001071.45
2013120703194400061000110000000463.17
2013120706194700023000110000000000000
2013120611195600430000110000000000000
2013121305195300218000110000000000000
2013121707198100261000110000000000000
2013121803196000121000110000001389.52
2013121503196100367000110000000000000
2013120710194400007000110000000000000
2013120101195100640000110000001389.52
2013120604196000010000110000000000000
2013120311194500039000110000000000000
2013120818195000007000110000000000000
2013120101195100741000110000000000000
2013120703194600193000110000000000000
2013120311195000073000110000000000000
2013120404194800286000110000000000000
2013121201195600027000110000000000000
2013120801194802438000110000000000000
2013120718195100028000110000000000000
2013120301194700143000110000000000000
2013121618195900030000110000000000000
2013120715194500056000110000001314.94
2013121601194800249000110000000777.16
2013120704195700230000110000000000000
2013121501196600862000110000000971.45
2013121305195500184000110000000000000
2013121623196100131000110000000000000
2013120801195500350000110000000000000
2013121602194700180000110000000000000
2013120703198404155000110000000000000
2013121601195100163000110000000000000
2013121804195700102000110000000000000
2013120412195700122000110000000000000
2013121616195900071000110000000000000
2013121611195500072000110000000000000
2013121001195800071000110000000330.00
2013120101194200510000110000000000000
2013121416195100063000110000000000000
2013121807195100067000110000001919.47
2013120103194800073000110000001389.52
2013121503195100281000110000001017.66
2013120401195000601000110000000000000
2013120801195405454000110000000000000
2013121003195200009000110000001295.26
2013121015196000107000110000000000000
2013120801196303320000110000000000000
2013120601195800844000110000000000000
2013120408195900036000110000000000000
2013121519194300112000110000000000000
2013120208194700105000110000000000000
2013121709196000168000110000000971.45
2013120801196003700000110000000971.45
2013120501194500251000110000000000000
2013121201195500152000110000000000000
2013121004195600217000110000000000000
2013121414195700059000110000000000000
2013120301195900169000110000000000000
2013120406195500035000110000000000000
2013120813195600052000110000000000000
2013121501194700350000110000000000000
2013120801195201530000110000000000000
2013121701198106022000110000000000000
2013120703194600452000110000000000000
2013120101194800040000110000000000000
2013121601195400191000110000000000000
2013120801196706605000110000000000000
2013120706194500025000110000001017.92
2013120801197523635000110000000000000
2013120801194600136000110000000000000
2013121501195200360000110000000000000
2013121807195000842000110000000777.16
2013120801195504468000110000000000000
2013120318196000110000110000001389.52
2013120601195900955000110000000647.63
2013121007195000065000110000000000000
2013120801195103016000110000001294.94
2013121619194800117000110000001295.26
2013120501195101219000110000000000000
2013120801194303230000110000000000000
2013121707195300443000110000000000000
2013120601195700950000110000001017.92
2013121701197701557000110000001295.26
2013121501195500646000110000001294.94
2013121707195700132000110000000000000
2013121613194600155000110000000000000
2013121015195100003000110000000000000
2013120801194602787000110000000000000
2013120319195300009000110000000000000
2013121807195000779000110000000000000
2013120319194700085000110000000000000
2013120420194900007000110000000000000
2013120703194600269000110000001295.26
2013121503196000619000110000000020.00
2013121505198400224000110000000000000
2013121501195300036000110000000000000
2013120311194500029000110000000000000
2013120890199000228000110000000000000
2013120501194902452000110000000000000
2013120803196000178000110000001295.26
2013120801194801928000110000001295.26
2013120607195500007000110000000060.00
2013120501194500519000110000000000000
2013120501194800365000110000000000000
2013120801195706677000110000000000000
2013120703194600195000110000001295.26
2013120703194900676000110000001017.92
2013120801195201524000110000000000000
2013120801195801536000110000000000000
2013120801196008124000110000001017.92
2013121007194900112000110000000000000
2013120801196807029000110000000000000
2013120703195200526000110000000000000
2013121802195400020000110000000763.44
2013120801195302876000110000001017.92
2013120703195000149000110000000000000
2013120506194600160000110000000000000
2013120501195100363000110000000000000
2013120107194500751000110000000000000
2013121503196100408000110000000000000
2013120801195000216000110000000000000
2013120107194300612000110000000000000
2013121707195300010000110000000000000
2013120703193900131000110000001017.92
2013120601195801137000110000001852.69
2013120501195002858000110000000000000
2013121401198100023000110000000000000
2013121201196100048000110000000971.45
2013120812195800076000110000001675.20
2013120507195700184000110000001017.92
2013120501195600585000110000000000000
2013121501195200517000110000000000000
2013120301195700477000110000001389.52
2013121001194800049000110000001295.26
2013120103198200225000110000000000000
2013120307196100092000110000000250.00
2013121207194200006000110000001295.26
2013121010194400025000110000000000000
2013121602195100055000110000000000000
2013120107194700363000110000000000000
2013121414195500059000110000000000000
2013121804194900477000110000000000000
2013120801195803393000110000001017.66
2013121202195500066000110000000000000
2013120601194500537000110000000000000
2013121626194300093000110000000000000
2013121501195300212000110000000000000
2013120703197203173000110000000000000
2013121211194800098000110000000000000
2013121211194300018000110000000000000
2013120703195800261000110000000000000
2013120801195101451000110000000000000
2013120101194600540000110000000000000
2013122209198400020000110000000000000
2013121201194600023000110000001389.52
2013120207195000001000110000000710.49
2013120715195200207000110000001317.92
2013121626196100181000110000000000000
2013121416194900003000110000000000000
2013120309195000037000110000001389.52
2013120501194803006000110000000777.16
2013120714195700189000110000001471.45
2013120703196001195000110000001852.69
2013121412195200008000110000000000000
2013121702197600003000110000000000000
2013120601195400574000110000000000000
2013120716194500028000110000000000000
2013120803194800250000110000000971.45
2013120613194200002000110000000000000
2013120801196003150000110000000000000
2013120401194800397000110000000000000
2013121810195100158000110000000712.40
2013120601198402746000110000000000000
2013120301194800015000110000000000000
2013120318195400108000110000000000000
2013121622195100199000110000000971.45
2013121519195300133000110000000000000
2013120506196400396000110000000777.16
2013120714196000110000110000000000000
2013123804198500249000110000000000000
2013121611195500003000110000000000000
2013120318196100617000110000000000000
2013121014194000029000110000000000000
2013121512193900005000110000000000000
2013121401197400142000110000000000000
2013120801195600291000110000001314.94
2013121201195600053000110000000000000
2013121501195400375000110000000000000
2013120601195600489000110000000000000
2013120801195101808000110000001389.52
2013121706194900141000110000000000000
2013120501195402865000110000000000000
2013120801195101221000110000001574.79
2013121802194600205000110000000971.45
2013120506193400090000110000000000000
2013120814195900063000110000000000000
2013120502196100565000110000000000000
2013120401194700689000110000000000000
2013121501195500604000110000000000000
2013120306195000128000110000000000000
2013120318195300454000110000000000000
2013120201194800261000110000000000000
2013121807194700229000110000000000000
2013120804195600184000110000000000000
2013120605194100129000110000000000000
2013121703195300074000110000001017.92
2013120501194902888000110000000000000
2013120712195000031000110000000000000
2013121601195300252000110000000000000
2013121416195600130000110000001204.25
2013121401197000128000110000000000000
2013120825194600054000110000000000000
2013120208195900093000110000000200.00
2013120801195804911000110000001017.66
2013120312195400027000110000001017.92
2013120602195200089000110000000000000
2013121001197100020000110000001017.92
2013120801195303977000110000001471.45
2013121706198300325000110000000000000
2013120610195600152000110000000000000
2013120501196605927000110000000000000
2013120418195800060000110000000000000
2013120101195300556000110000000000000
2013121706195400407000110000000000000
2013121503196000093000110000000500.00
2013120319195300092000110000001017.92
2013121804195200138000110000000000000
2013121807195400161000110000001389.52
2013120901198400005000110000000000000
2013120816195700396000110000000000000
2013121807195600139000110000001295.26
2013120208198101386000110000000000000
2013121602195200128000110000001295.26
2013121415195200140000110000000000000
2013121804195900877000110000000000000
2013121322194500089000110000000000000
2013120615196000221000110000000000000
2013120511195900442000110000000000000
2013121804195500403000110000000000000
2013121701196900079000110000000000000
2013120419195300040000110000000000000
2013120801195101686000110000000000000
2013120801198142013000110000000971.45
2013121201196000101000110000000971.45
2013120813194700102000110000000020.00
2013120601195801128000110000000000000
2013120703194800049000110000001017.66
2013120319196400019000110000000000000
2013121313196200013000110000001295.26
2013120301194900088000110000000000000
2013121201195500044000110000000000000
2013121501195900166000110000000000000
2013121515194500117000110000000000000
2013120101194700099000110000000777.16
2013121603195700123000110000000000000
2013121501198404546000110000000000000
2013121503195500240000110000000000000
2013121601195200030000110000000000000
2013121807195701218000110000001295.26
2013121706195900127000110000000000000
2013120703196100068000110000001389.52
2013120410195700329000110000000000000
2013121521195800087000110000000777.16
2013121706195900292000110000000000000
2013120714194700264000110000000000000
2013121805194800011000110000000000000
2013121504195300009000110000000000000
2013120101198103482000110000000000000
2013120801196101193000110000000000000
2013121516195600054000110000000000000
2013120203196000106000110000000000000
2013120209196500201000110000000000000
2013121701195500260000110000000000000
2013120607194500113000110000001389.52
2013121621195800045000110000000000000
2013121601195900376000110000001017.92
2013120502195100184000110000000000000
2013120801195100351000110000000000000
2013120401195300404000110000000000000
2013120801197211936000110000001395.26
2013120315195700060000110000000000000
2013120801195102361000110000000971.45
2013121401198401259000110000000000000
2013120704195400290000110000000000000
2013120101194700007000110000000000000
2013120311195300029000110000001048.80
2013120319195300070000110000000000000
2013120507195600298000110000000000000
2013120501195002371000110000000000000
2013121503195800033000110000000000000
2013121211194600062000110000000000000
2013120801195404813000110000000000000
2013121807195200476000110000000971.45
2013120306194800091000110000001017.92
2013121807195600523000110000000000000
2013121519194900134000110000000000000
2013120801195807493000110000000000000
2013120824195900078000110000000000000
2013121201195600060000110000000000000
2013121807196000649000110000000000000
2013120703195200747000110000000000000
2013121008195500044000110000000000000
2013120812195800090000110000000000000
2013121204196000007000110000000000000
2013120706195200056000110000001017.92
2013120511195200149000110000000000000
2013121623194700111000110000000000000
2013120101194700256000110000001017.92
2013121704197400309000110000001295.26
2013120207195400026000110000000000000
2013120801195104638000110000001295.26
2013120201195700258000110000001295.26
2013120319195400146000110000001852.69
2013121317196000014000110000000000000
2013121401197700019000110000000000000
2013121403195200011000110000000000000
2013120801195804224000110000000000000
2013120301195700991000110000001295.26
2013121007196000170000110000000000000
2013120508195300038000110000001295.26
2013121001195600031000110000000000000
2013120208195600401000110000000000000
2013120601195800421000110000000030.00
2013120716196200011000110000000971.45
2013120811195600101000110000000000000
2013120801195100762000110000000000000
2013120305196100001000110000001294.94
2013121503195300397000110000000000000
2013120605195300092000110000000000000
2013121214195800020000110000000000000
2013120703195100591000110000000971.45
2013121601196000323000110000000000000
2013120506194500194000110000000000000
2013120107195900380000110000001017.92
2013120419196100026000110000000000000
2013120306195000174000110000001389.52
2013121802196000071000110000000000000
2013120607196000128000110000000000000
2013120614195300015000110000000000000
2013120615196000103000110000000000000
2013121807196100948000110000001852.69
2013120319195900088000110000000000000
2013121807197501940000110000000000000
2013121702195400108000110000000000000
2013120713195800056000110000000000000
2013120319195700049000110000001017.92
2013121804195700050000110000000000000
2013121804194800513000110000001389.52
2013121503196000009000110000000000000
2013120401195400154000110000000000000
2013120201195700099000110000001295.26
2013121516195400047000110000001017.92
2013120304195700065000110000001495.26
2013120601195900642000110000000000000
2013121201195600247000110000000000000
2013120203195900058000110000000000000
2013121803195900248000110000001295.26
2013120801195900374000110000001017.66
2013120502196100573000110000000000000
2013120501196101538000110000000000000
2013121707196100249000110000001017.92
2013120819196100166000110000001295.26
2013120801196004351000110000000000000
2013120606195900350000110000000000000
2013120302196000103000110000001111.61
2013120608196000125000110000000000000
2013120603196000420000110000000000000
2013121403195600084000110000000000000
2013121501195900010000110000000000000
2013121516195700108000110000001852.69
2013121701198101289000110000000000000
2013120317196000026000110000000000000
2013120605195900164000110000000000000
2013121502195700179000110000000000000
2013120816194300170000110000000971.45
2013120702195900088000110000000000000
2013120319196000004000110000000000000
2013120801196710955000110000000000000
2013121706195700066000110000000000000
2013121807195400707000110000000000000
2013120801195401939000110000000000000
2013120801196102171000110000000000000
2013120611196100252000110000000000000
2013120401198500828000110000000000000
2013121609194500008000110000000647.63
2013120801195606620000110000000000000
2013121626195200178000110000000971.45
2013121707195800590000110000000000000
2013120105195900097000110000000000000
2013121307196100183000110000000000000
